19780709
19880501
19710202
19730102
19711108
19750210
19561102
19781210
19801130
19770116
19790617
19770119
19791011
19810902
19800614
19850613
19980116
19890130
19750916
19680613
19710601
19830518
19820821
19650523
19890218
19900911
19841129
19840404
19790302
19911203
19750314
19810407
19740924
19651129
19900527
19800110
19780215
19820122
19901121
19930214
19700213
19820916
19751115
19900806
19711214
19680812
19830318
19800107
19750602
19820904
19820710
19670102
19771005
19800810
19771113
19830706
19890817
19820927
19891223
19740825
19831206
19861226
19700316
19830414
19751206
19780815
19810913
19700319
19830911
19660411
19860701
19630723
19870208
19801026
19790226
19701111
19810311
19720310
19830315
19790705
19781224
19960420
19911016
19710707
19840821
19841014
19510907
19831215
19730322
19911015
19680927
19860122
19741126
19730210
19751030
19870708
19880904
19780102
19940105
19720302
19690818
19730324
19800312
19751029
19770912
19801229
19600606
19710208
19880307
19870724
19731229
19890918
19590922
19831124
19860121
20061213
19700418
19960925
19780505
20041125
19930509
19810720
19651021
19730807
19870923
19840602
19771228
19750324
19810724
19730320
19730416
19900130
19620920
19650406
19760220
19921013
19950708
19850205
19970905
19991116
19820903
19800113
19720327
19720518
20010615
19930709
19900527
19741202
19581231
19720513
20091217
20070207
19630606
19850817
19941118
19821020
19470410
19910430
19740917
19691111
19710104
19750517
19691208
19880912
19760921
19871015
19950205
19891001
19910328
19500207
19970310
19490903
19751109
19771029
19710105